0 1 2
3 4 5
6 7 5 8
9 10 8
11 12 13
9 5
14 12 7 15 10 2
16 17 8
0 7 4 13
18 12 2
9 7 10 19
20 4 21
20 7 15 5 8
6 17 5 19
3 17 1 19
22 17 2
11 12 7 15 21 2
23 4 19
9 17
24 10 2
25 1 19
18 12 7 15 13 2
23 7 1 8
0 4 1 19
16 7 15 1 2
9 17 19
18 12 7 4 13 19
9 15 21 2
20 4 21 2
6 10 19
26 17 5 19
11 12 7 17 1
24 4 8
16 15 21
27 5
0 7 1 8
0 15
26 7 4 13 19
20 17 1 2
11 12 4 21
28 7 4 21
29 7 1 19
20 7 4 5 2
28 5
3 4 21
28 7 17 1 19
3 7 4 1 2
18 12 15 10 8
20 15 8
0 5 8
26 4 5 8
9 15 13 2
29 5 8
27
3 7 17 10 2
18 13
3 4 5 19
25 5 19
11 12 4 2
25 17
16 7 10
30 1
16 15 2
29 7 15 1
25 4 5 19
30 4 19
23 15 2
27 4 13
25 13 19
6 21
16 17 8
27 7 4 13 8
23 4 1 2
26 7 4 1 8
0 7 4 13 8
18 7 15 10 8
18 7 15 21 2
14 12 5 19
22 7 10 8
11 12 7 13 8
20 15 21 2
6 7 1
9 7 5 8
9 15 10 8
30 15 10 2
29 13
18 12 1 2
25 4 13 8
27 15 5
3 7 17 13 8
26 4 8
11 12 17 5 2
27 4 10 19
16 15 5 19
11 12 7 17 1 2
14 12 7 15 5 2
25 15 19
18 7 17 1 2
28 17
29 15 21 19
23 15 5
6 4 8
20 7 10 2
25 1
22 4 13 8
29 7 4 13 8
28 7 4 13 8
18 4 13 19
26 7 15 10 19
3 8
3 17 19
22 4 13 2
9
26 7 4 10
29 4 21 19
6 13 8
18 12 7 15 21 2
25 7 13 8
6 15 10
9 4 10
18 17 5 19
27 17 10 19
27 17 21
30 4 21 19
11 12 1 19
22 17 5 8
25 15 21 2
23 15 1 2
20 7 15 10 8
26 7 17 10 19
11 12 7 5
26 7 15 21 19
28 7 17 1 2
30 4 10 19
9 15 10 2
18 7 4 5
6 4 5
25 7 17 21
6 13 19
16 4 10 2
14 12 15 19
29 7 15 21 19
9 4 10 19
0 7 4 13
16 4 13 2
20 7 10 19
14 12 15 19
29 13 8
3 15 1 8
14 12 2
22 21 8
18 12 13 19
6 4 21 2
29 15 2
9 7 15 5
11 12 19
30 4 21 19
18 7 15 1 8
11 12 15 21
30 4 10 8
22 17 1 8
28 10 19
30 17 2
27 17 8
18 12 7 4 13
24 7 17 10
27 4 2
16 7 17 10 8
18 12 7 4 21 8
0 10 19
18 7 5
18 17 1 19
3 21 8
28 7 15 13 2
25 17 5 2
24 7 17 21 2
11 12 7 10 19
23 17 13 19
29 15 1
20 7 17 1 2
6 7 15 5
30 4 8
23 21 8
0 7 10 19
9 17 10 19
23 4
27 17 1 2
25 5 19
28 7 17 13 19
26 17 1 19
24 17 1 2
14 12 7 17 21 8
29 15 10 2
6 17 1 8
30 15 21
16 17 8
0 5 2
18 15 1 19
24 17 5
26 17 5 8
20 5 19
16 17 19
16 7 15 1
6 7 10 8
16 17
23 19
18 10 2
0 7 1 8
20 7 21 8
23 7 4 21 2
18 4 21 8
18 12 17 5 2
26
16 4 10 2
22
0 7 4 1 19
18 19
29 7 17 13 19
29 7 15 10 2
14 12 10
18 12 7 4 13
22 15 13 8
27 7 15 1
25 4 5
27 17
20 4 21 8
22 17 2
25 17
22 7 15 13 8
6 15 19
26 7 15 5 8
26 7 4 1 2
3 21 8
18 12 10 2
3 7 17 13
20 10 8
20 7 4 13
16 7 4 10 8
24 7 4 13 19
27 21 19
3 4 19
23 5 8
28 7 17 10
20 4 13 8
20 7 4 5 2
14 12 7 17 5 19
22 15 1 8
30 17 21 8
9 4 10 2
14 12 7 4 21 2
28 1 8
20 15
23 13 8
16 5 2
20 7 15 13
30 17 10
18 12 17
9 7 1 8
24 15 1 8
29 17
20 8
0 7 15 13 2
11 12 4 2
23 7 17 1 19
3 7 4 21 19
14 12 15 1 8
24 7 15 13 8
11 12 15 8
6 15
26 15 1 8
14 12 7 10 2
30 7 21 8
27 7 4 1 19
26 7 17 10 2
27 7 21
28 17 21 2
18 12 4 13 19
14 12 7 10
18 12 7 10 8
14 12 7 4 10 19
26 17 5 19
24 1 2
20 17 2
0 7 17 13 2
26 7 10
30 17 21
6 15 21 8
14 12 7 15 5 8
6 7 15 13
18 12 7 17 1
30 7 4 5
0 17 21 19
24 7 15 10
6 7 10 8
20 13 8
27 4 8
27 10 2
0 7 1 8
18 12 17 10 8
14 12 17 13 2
29 10
18 15 19
11 12 7 15 21 2
3 7 15 10 2
16 15 1 19
22 15 1 2
23 7 5 8
18 12 15 10 8
6 7 4 10 2
0 7 15 5 2
25 15 1 19
6 4 2
28 19
20 4 21
29 15 13
22 7 17 21
18 12 4 10 2
24 15 1
26 17 8
29 7 17 21
22 7 15 21 8
14 12 15 10 8
26 4 21 8
24 17 19
18 12 4 5
28 7 17 1
16 21 19
28 7 21 8
22 5 8
26 17 10 2
11 12 7 15 1 19
24 15 13 2
3 4 2
25 7 4 10 19
18 7 17 5 19
23 7 4 10 2
20 17 10
27 10
18 12 15 10 8
6 7 17 1 2
18 12 4
11 12 15 1 2
14 12 7 13 19
28 15 2
29 13 19
23 17 21
28 7 17 10 19
28 15 1 8
25 4 1
18 12 7 17 13
9 17 5 2
6 13 2
6 7 15 13 2
24 17 13 8
29 15 21 2
27 4 13 2
29 15 1
3 4 21 2
29 7 4 13 8
24 17 1
24 7 4 21
20 7 17 5
18 12 10 19
6 15 8
20 8
3 7 5
11 12 7 10 8
9 7 10
27 7 17 21 8
28 7 15 10 2
29 21 2
16 17 13 19
6 17 13
24 17 10 2
29 7 21 8
25 7 17 10
11 12 7 1
22 7 17 5 8
0 17 10 8
18
16 15 1
26 15 21 2
18 12 17 1 8
9 17 1 19
22 7 15 5 8
28 4 10 19
20 7 15 5 8
18 17 21 8
24 17 8
20 5 8
14 12 17 10 19
24 15 5 2
14 12 7 4 10 2
18 12 4 8
24 10 19
9 1 19
18 21
26 13 19
18 12 17 10 2
20 15 21 8
9 7 4 21 2
9 7 15 5 2
27 17 5 2
30 17 5 19
18 7 1 2
14 12 17 10 19
6 13 8
22 17 13 2
20 7 15 5 8
18 17 21 8
9 7 17 13 19
24 15 2
11 12 17 5 2
30 13 8
14 12 10 2
16 17
28 7 15 1 8
20 15 10 19
26 15 21 19
28 19
26 15 1 19
3 15 10 19
28 17 1 8
14 12 4
24 4 5
27 17 10 19
18 17 8
25 17
6 15 10
28 4 13
23 15 1
22 4 21 8
30 15 8
6 21 2
18 12 7 13 2
24 4 5
3 17 2
18 12 17 1
30 7 4 5
22 17 1 2
16 7 17 21 8
14 12 7 4 5 2
6 7 15 5 19
28 7 17 13 19
18 12 7 15 1 2
20 15 1 19
16 7 17 10
18 15 1 19
11 12 7 15 1
0 15 19
29 7 1
18 12 1 19
26 7 10 8
24 15 8
16 15 10 19
29 7 15 1
18 12 17 5 2
28 4 10 19
28 15 21 19
0 2
28 15 1
22 19
9 7 15 13
9 17 8
18 12 4 1 2
14 12 4 5 19
9 4 5 2
24 15 1 19
14 12 21 2
16 17 13 8
24 17
3 7 13 19
28 7 13 19
22 15 10 2
6 7 15 13 19
6 17 13 2
30 17 21 2
22 7 4 10 2
25 7 15 13
14 12 4 8
11 12 10
25 17 1 19
0 4 5
18 7 1
25 7 13 19
18 12 7 15 10 8
18 4 1 8
3 4 1 8
29 17 1
22 7 4 1
29 15 1 8
24 1 8
9 7 1 8
14 12 13 8
9 7 10 8
22 17 1 8
9 7 4 13 19
23 4 5 8
28 17 8
26 7 4 21 8
3 7 5 8
29 7 15 10
18 12 7 17 1 2
25 4 5 2
27 4 5 2
14 12 7 4 5
25 7 4 13 8
25 7 4 21 8
27 4 5 19
6 15 13 2
0 15 19
9 1
28 7 17 5 19
6 4 5 2
11 12 10 8
23 7 17 13 2
22 15 5 8
29 15 21 8
18 12 21 19
18 17 5 2
22 7 17 13 2
23 17 13 8
27 17 1 8
3 7 4 1 2
11 12 4 21 8
27 7 17 5 8
18 7 4 10
0 7 1 2
9 15 5 8
14 12 15 1 8
26 15 10
28 15 5 8
27 7 4 1 19
0 17 13 2
27 17 10
29 15
27 15 8
9 7 17 1 19
14 12 7 4 5 2
14 12 7 21 8
23 4 13 19
27 15 21 2
9 7 4 1 19
23 17 21 19
23 7 17 10
11 12 7 15 21 19
14 12 17 13 19
11 12 15 19
16 4 5
25 5 19
9 4 8
9 7 4 5 2
22 7 4 10 2
30 15 1 8
16 17
24 10 8
24 7 4 13 2
16 15 19
0 7 21
20 7 15 5 19
18 12 21 19
3 4 10 8
29 4 2
26 7 1 19
0 7 1 19
22 7 10
29 7 5
14 12 17
24 7 15 21
24 7 17 5 2
11 12 7 15 21 2
27 7 17 21 2
22 7 15 5
22 7 4 13
23 15 8
24 8
18 7 21 19
18 19
22 7 15 21
27 7 17 13 19
6 21 8
18 7 15 21 19
29 7 4 13 19
27 15 19
14 12 7 17 13 2
11 12 4 5 19
11 12 7 15 21 2
25 8
23 15 1
14 12 15 10 2
28 17
24 4 21
20 15 13 8
20 7 10 2
23 7 4 13
11 12 17 13
23 17 5
23 17 10 8
29 4 1 19
23 17 5 2
3 17 5
23 7 5 2
25 4
18 12 4 19
23 7 17 13 8
26 4 19
30 7 17 21 2
18 15 21
24 7 17 5 19
29 17 19
30 4 8
9 7 15 10
20 15 1 2
23 7 17 13 2
14 12 13
18 7 1
26 7 21 19
6 7 15 10 19
18 12 7 4 5 2
11 12 8
20 4 5
9 7 17 21
9 13 8
14 12 15 10 8
16 7 21 2
16 7 15 21 8
30 4 10 2
18 12 7 15 13
14 12 17 21
25 4
20 7 4 1 8
3 17 13
11 12 5 2
18 7 4 1 2
22 15 10 2
9 15 13 2
27 15 5
30 4 10 8
6 7 17 10 2
0 7 5 2
27 7 10 19
9 17 13
30 21 8
26 7 21 2
29 7 13
29 7 1 2
27 7 4 10 2
30 7 15 5 8
18 15 19
20 7 4 5 8
16 4 1 8
9 10 19
27 15 1 2
20 15
14 12 21 2
20 4 2
30 7 17 10 8
14 12 4 5 2
6 7 4 5
11 12 5 2
9 15 2
20 10 8
27 7 4 10 2
27 2
22 7 13 19
18 12 7 5
22 5 19
25 15 10
0 15 1 19
18 12 15 5
18 12 7 17 1 2
26 4 13 8
29 15 1
9 13 8
0 7 5 2
22 15
29 7 4 21 8
16 7 17 10 2
9 13 8
25 17 19
18 12 21 19
30 17 19
18 12 7 1 8
0 4 13
16 7 13 2
0 17 8
14 12 4 5
28
9 4 21 8
16 5 19
9 7 5 2
18 7 21 19
16 4 1 19
24 4 10 8
9 7 5 2
16 17 19
30 19
18 4 1 19
29 7 13
3 7 4 10
3 4 13
6 7 15 1 8
27 7 17 13 2
18 17 13 2
11 12 5 2
23 7 4 21
20 7 4 5 8
0 17 19
23 7 15 21 19
11 12 7 15 21 2
20 7 1 2
6 15 8
6 7 4 13 2
22 7 5
9 4 19
6 7 17 5 2
30 15 2
28 7 15 21 19
0 15 21 2
0 17 1 2
18 7 10
11 12 5 8
3 17 21 2
6 7 17 5 2
20 7 17 13 8
29 13 8
3 7 15 1 19
20 4 10 2
16 7 15 1 8
30 15 21
3 15 2
11 12 17 13 8
3 4 21 19
18 12 1
29 7 17 1 2
14 12 7 17 13 2
23 4 5 8
3 7 15 13 8
26 7 21 19
9 17 13
18 4 2
9 7 4 10
6 7 15 10 8
0 15 21 8
14 12 17 8
28 17 1 8
3 7 17 10 2
20 4 19
18 12 13 2
27 17 10 2
24 4 21
23 17 1 2
25 4 1
0 4 5
24 13
14 12 7 17 5 8
11 12 17 13 8
22 7 4 10 2
23 7 15 10 8
11 12 15 10 8
25 19
18 7 4 13
16 7 15 13 19
23 4 5 2
3 7 17 5
16 17 10 19
29 7 15 5 8
16 17 10 2
6 7 4 21 2
18 7 17 10 2
11 12 15 21 8
11 12 4 1 19
29 7 4 5 8
6 1
3 10 19
9 4 21 2
25 7 4 21
29
16 7 15 1
9 1 19
24 15 10 19
27 4 10 19
28 15 1 8
24 7 15 5
18 17 19
9 15 1 8
25 7 5 8
0 15 21 8
20 21 19
0
25 7 5 8
14 12 7 4 5 2
18 12 7 21 19
16 7 4 21
6 19
16
20 17 2
3 17 13 8
6 7 4 10 8
18 7 21
26 1 2
26 17 5
22 7 17 1 2
23 7 21 2
27 7 4 5 8
24 17 5
29 4 1 8
16 17 5 19
20 7 4 10 2
0 17 21
18 1
18 15 13 2
14 12 7 15 5 8
11 12 7 13 2
18 12 17 5
23 15 5 8
3 15 21 8
27 4 1 8
28 10 8
0 7 5 19
27 15 10 2
16 7 15 5
25 4 8
26 17 2
20 17 2
24 5 2
20 4 21 8
16 7 1 2
3 15 10 8
20
28 4 21 8
6 17 13 2
14 12 4 21 8
27 7 17 21
25 7 17 5 2
25 4 10 2
20 17 13
22 4 8
18 7 5 19
29 7 17 10 2
25 7 15 21
28 4 1
22 4 8
22 15 13
0 13 19
18 12 17 19
22 7 21 2
23 7 15 13 2
18 7 17 21 8
0 7 15 1 19
28 15 21 2
18 7 17 21 19
20 7 17 1
30 4 21 2
26 7 13 2
6 19
22 17
28 10 2
6 8
18 15 5
6 15 8
23 17
9 10 8
0 15 1
25 4 1 8
26 7 5
30 7 17 10 2
6 4 1
25 7 15 13
26 17 10
29 21 8
26 15 10 2
16 7 4 5 19
22 4
6 15 5 2
29 4 19
16 7 15 5 8
20 2
20 15 21
0 4 19
30 7 17 5 2
25 7 4 13
3 15
24 7 13 19
18 12 7 15 13 8
27 7 10 19
30 7 17 1
11 12 7 15 5 19
23 4 1
25 7 4 1 8
24 5 8
26 4 2
14 12 17 5
18 15 10
9 8
29 7 17 10 19
28 15 13 8
27 7 15 13
24 7 17 10 8
20 7 4 10 8
11 12 10 19
24 7 17 13 19
29 5 19
24 7 4 5
29 15 8
25 7 15 10 8
16 17 1 19
20 15 13 19
27 21
0 8
18 12 15 10 8
14 12 10 2
6 15
18 12 7 17 10 2
18 12 4 19
18 21 8
27 15 10 2
25
3 7 4 10
24 7 4 1 2
27 7 4 5 8
27 15 21 2
27 4 1 19
3 1
29 7 4 21
0 7 15 1 19
28 7 5 8
9 17 5
20 7 15 10 2
16 5 19
29 7 1 19
18 7 17 5
18 12 7 15 10
29 7 4 1 19
26 7 1 19
27 7 21
22 7 4 1 2
18 12
0 4 13 2
20 4 2
16 4 10 8
25 7 17 10
29 7 4 1
3 5 19
25 7 4 1
3 7 15 10 8
23 4 5 2
6 17 5
27 7 4 21 2
9 7 15 5 2
9 17 2
16 17 8
27 7 17 5 2
9 15
0 17 5 2
26 7 15 21
20 7 15 10
23 7 17 13 2
6 7 15 1 2
28 7 10 2
6 7 17 13 19
25 15 21
29 4 8
6 13 8
11 12 15 5 19
16 7 4 5
24 1 8
0 13 19
0 4 2
14 12 4 10 19
3 4 2
11 12 4 13 8
9 2
27 7 1 8
29 17 10
3 7 4 1
25 7 17 1
3 2
29 7 17 13
11 12 7 13 19
23 7 15 1 19
0
26 15 10
22 4 10 19
25 19
26 17 1 8
0
20 17 10 19
20 4 13 2
14 12 4 10
30 15 19
0 17 8
29 15 8
23 7 21 2
11 12 10 19
14 12 7 15 1 19
3 7 17 21 2
30 7 4 10 2
0 7 10 8
14 12 4 10 2
31 32 1 19
33 34 32 35 13
36 37 35
38 32 35 13 2
39 4 5
36 12 32 40 1
41 32 40 13 19
42 32 11 21 2
43 12 44 32 35 5 8
45 46 47 32 35 5
48 40 13 8
39 49 32 35 13 19
50 32 13 2
48 5 2
51 32 10 2
36 52 11 19
14 12 32 11 10
48 11 1
53 8
14 12 40 13 8
53 12 32 40 5
54 10 2
55 40 21 8
33 34 11
56 32 40 10 19
45 46 47 32 35 1 8
57 13 2
33 12 58 59 5 2
14 12 40 13 19
20 35 1 19
14 12 58 59 13 2
53 58 59 5 8
33 12 40 10 19
55 32 35 21 8
45 46 47 32 21 8
60 32 5
33 49 58 59 10 8
60 12 32 40 1 19
61 49 11 5 19
56 11 21
62 63 32 40 1 8
39 49 32 35 1 8
62 35 19
55 32 11 21
64 63 47 32 5 2
62 40 5 19
61 49 58 59 13 19
4 32 40 13 8
62 32 1 19
51 32 40 1 19
14 12 5
53 12 32 21 8
65 47 32 35 21 2
56 32 35 21 19
4 11 10 19
43 12 44 58 59 13 8
14 12 35 13 2
60 12 58 59 13 19
66 37 2
14 12 40 8
62 1 19
66 37 35 5
53 12 32 40 5 19
4 35 13 19
4 32 35 10
62 47 35 8
20 32 11 10 8
53 12 11 13 8
33 12 32 11 10 8
36 37 32 11 10
45 46 47 32 11 21 19
53 12 32 11 1 8
39 4 5 8
33 34 32 11 10
60 12 32 13 19
62 47 32 40 1 19
45 46 47 40
39 4 40 2
67 13 8
33 34 32 35 21
42 32 35 10 19
53 47 32 1 2
31 32 11 10 19
36 12 59 13 19
56 58 59 1 2
68 32 11 1 2
68 32 10 8
45 46 47 32 1 8
53 47 10
39 49 58 59 5 19
45 46 47 40 19
33 34 40 8
55 40 19
4 32 35 5 2
36 37 58 59 10 8
20 35 13 8
36 12 32 11 10 2
14 12 32 11 5 8
56
67 40 8
62 63 8
56 35 10 2
48 32 10
60 12 8
61 49 10 8
39 4 11 2
57 32 11 13 8
57 59 21 19
51 35 19
69 47 32 1
4 35 8
60 11
36 52 32 11 10 19
53 12 32 11 1 2
57 11 13
36 32 35 10 8
62 59 5 19
55 11 2
66 37 10 2
14 12 40 13 8
39 49 1 8
36 12 35 1
54 58 59 21 8
67 32 11 1 8
62 32 11 1 8
70 47 59 10 8
53 12 59 19
55 32 11 5 8
36 35 8
57 5
53 47 32 11 1 19
39 4 35 5 2
53 12 59 2
45 46 47 58 59 21 8
42 35 21 2
65 47 11 5 19
36 12 58 59 10 19
36 37 32 40 10 2
71 40 19
66 37 32 11 5 2
68 11 5 2
48 59 5 2
62 63 32 13 2
56 32 5 2
61 49 32 40 1
62 59 13 2
67 59
62 63 32 40 5
38 59 2
39 4 2
57 11 5
42 35 1 19
64 63 47 35 5
60 32 35 1 2
4 32 40 1
68 58 59 21
38 11 13
36 52 11 21 2
53 12 32 40 1 8
68 32 35 5
41 35 19
42 11 21 2
36 40 19
64 63 47 32 40 1 8
45 46 47 5 2
14 12 40 13 8
72 73
69 47 1 8
50 59 2
36 37 11 5 2
64 63 47 32 11 13 19
74 35 8
31 11 10 19
50 35 1
70 47 35 1 8
56 35 10 2
62 47 21 19
33 34 40 10 8
39 49 32 40 10 2
62 63 32 40 5 8
20 2
36 52 32 40 13 8
64 63 47 59 13 8
50 58 59 13
33 49 1
14 12 32 11 10 2
36 32 40 1
33 49 32 5
42 2
33 49 40 13 19
36 12 32 35 1 19
72 73 32 11 1
60 35 8
48 32 40 21
36 37 10 19
36 59 13 19
62 32 5
62 47 8
67 32 35 10 8
72 73 32 35 10 8
62 47 40 21 8
50 11 21 2
65 47 35 10
53 47 32 40 5 8
36 12 32 11 1 19
51 11 21 2
66 37 5 2
33 49 32 10 8
33 34 32 35 21 2
54 32 40 1 2
33 34 40 1 2
62 47 35 1
65 47 5
4 58 59 1
41 32 35 1 8
20 11 10 19
53 47 32 40 21 8
42 19
66 37 58 59 5 19
36 37 11 5 19
62 11 21 19
67 40 1
64 63 47 59 21 19
70 47 2
71 8
60 12 58 59 1 2
39 4 58 59 10 2
36 32 13
38 32 35 21 8
39 49 35 5 19
55 11 8
53 47 59 1 19
31 59 19
62 11
45 46 47 11 8
61 49 11 1 19
33 12 58 59 13 19
14 12 40 5
60 32 1
38 40
71 35 5
43 12 44 11 13 2
36 12 35 1 8
31 11 5 19
33 49 58 59 21
33 34 32 11 10 8
68 32 35 21 19
38 32 35 1 19
31 40 5 8
57 11 21 2
51 35 21 2
56 58 59 13 8
56 32 40 5 8
42 32 11 10
20 59 10 19
33 49 32 40 1 19
68 32 35 21 19
60 35 1 8
54 35 10 19
53 12 11 1
36 32 35 21
48 32 40 13 8
43 12 44 32 40 10 8
62 47
4 59 10 2
55 40 10 2
69 47 32 40 10 19
74 58 59 5 8
33 49 32 40 13
68 32 11 5 19
57 40 21 2
48 11 19
70 47 58 59 5 19
71 40 1 19
64 63 47 32 11 13 2
39 4 35
53 12 32 35 21
61 49 32 11 21 8
69 47 32 11 13
54 59 1
45 46 47 11 5 19
36 37 32 11 10 8
57 59 5 2
20 59
41 32 40 13 2
62 63 11 10
33 49 58 59 21 8
62 32 13 19
69 47 35 21 2
62 63 59 13 19
60 40 19
69 47 32 40 1 19
62 47 32 10 19
53 47 58 59 1 2
54 5
33 12 11 5 19
36 12 32 35 21
4 11 2
60 12 32 11 1 19
33 34 35 10
53 12 11 13 2
33 49 35 13
31 40 10
74 32 11 21 19
64 63 47 10 19
57 11 1 8
36 12 40
48 35 21 8
36 32 35 10 2
36 12 59 21
33 49 35 1 8
39 4 10 8
60 12 40 19
51 32 35 5
74 32 35 5 19
39 4 10 19
53 59 1 2
64 63 47 40 8
62 47 35 1 19
70 47 59 5 8
57 32 11 13 2
33 49 32 11 10
31 32 5 19
36 12 32 35 1
51 32 40 21 8
50 8
36 35 2
14 12 35 8
33 34 59 21 19
66 37 11 10
33 12 32 40 13 19
42 32 5 19
75 35 21 8
33 49 35 5 2
42 40 1 8
33 49 32 13 19
66 37 40 1 19
60 59 1 19
50 59 13 8
31 32 5 19
54 35 2
31 32 40 1
62 63 1
54 35 19
4 58 59 1 8
75 40
54 35 2
4 21 8
60 11 13 19
48 32 21
48 11 1
38 35 13 8
33 34 32 40 10 8
65 47 32 35 10 8
68 11 5 19
39 4 32 40 10
54 59 21
50 35 21 2
60 12 32 13
70 47 2
33 12 35 2
57 32 35 10
53 12 35 1 19
66 37 21 19
74 59 13 19
33 12 32 40 1 19
72 73 32 40 10 19
72 73 32 35 13
53 12 32 35 13 2
61 49 59
39 49 59 1 19
38 32 35 1 2
62 35 1
64 63 47 32 40 21 19
41 32 35 21 2
39 49 32 35 10 19
64 63 47 40 21
53 12 58 59 21 8
56 58 59 13 8
56
54 11
20 59 1 8
53 59 10 8
41 58 59 10
43 12 44 32 40 10 2
36 12 21
45 46 47 32 11 13 8
64 63 47 32 11 10 19
64 63 47 58 59 5
41 10
48 32 11 1
20 8
33 49 11 21
68 58 59 5 19
64 63 47 35 13 8
69 47 32 40 5
36 52 11 13
62 63 32 40 5 19
62 11 19
39 4 11 5 8
36 52 35 13
62 47 11 8
20 35 10 2
33 12 40 13 19
74 40 10
61 49
43 12 44 59 2
39 49 35 1 2
72 73 32 35 13 2
70 47 59 2
71 59 5 2
66 37 35 1 8
75 32 40 1 2
51 58 59 21 8
33 12 35 1
4 35 10 8
70 47 59 1 8
53 35 5 8
57 11 2
60 12 58 59 21 19
39 4 11 13 19
72 73 32 35 13
45 46 47 40 2
42 58 59 10
43 12 44 32 35 5 2
62 35 13 2
61 49 19
53 12 5 19
42 35
33 49 32 13 19
43 12 44 32 35 21
69 47 5
56 32 40 21
14 12 32 11 5 19
60 12 32 40 13 8
36 37 58 59 10 2
33 34 59 13 8
41 5 8
62 63 5 19
42 32 5 19
36 12 35
55 10
51 40 13 2
66 37 32 1 19
56 11 10
38 40 10 2
75 11 13 19
48 21 8
48 40 21 19
61 49 32 11 10 2
36 37 32 40 13
66 37 32 11 10 19
36 52 59 13 2
33 49 32 11 1 19
67 58 59 1
56 35 10 2
65 47 32 10 8
14 12 32 11 13 8
70 47 32 5 2
36 52 59 2
67 32 11 13 19
31 11 10 2
33 49 59 5 8
60 12 40 13
71 59 10 2
41 32 40 10
71 32 11 21
69 47 32 35 10
68 59 2
14 12 58 59 10 19
69 47 40 1 2
74 11
57 11
43 12 44 58 59 5 19
68 5 8
66 37 58 59 1 19
45 46 47 11 8
71 35 2
68 32 35 5 19
33 12 32 35 1 2
61 49 59 21 19
36 52 58 59 10 8
36 12 59 1 19
36 52 32 35 13 19
39 4 13 2
38 35 5
50 40 21 2
48 32 21 19
71 32 21
50 58 59 1 2
36 32 35 13 2
50 35 10 2
36 12 32 1 19
36 52 32 40 13 2
71 59 5 19
33 12 11 5
71 35 8
60 32 11 10 19
41 10 19
48 40 21 19
36 32 35 21 19
38 35 21
53 12 32 13
53 35 1 19
57 58 59 13 2
68 11 2
36 35 1 19
56 32 40 10
31 32 35 21
71 40 8
65 47 32 11 10 19
55 32 11 10 8
61 49 32 40 21 19
45 46 47 35 13 2
71 32 40 1 2
36 37 40 2
53 40 13 2
62 2
72 73 32 10 8
36 11 8
67 32 11 1 8
61 49 59
53 12 11 5 8
4 40 19
60 40 21
33 34 32 35 13 19
45 46 47 40
33 49 32 11 21 2
45 46 47 32 40 1
60 11 13 2
56 8
68 11 10 19
71 40 21 19
60 12 11 1 2
33 12 32 11 10 19
48 35 10 8
36 12 32 40 10
36 32 40 21
57 8
41 59
56 1 8
41 59 13
62 47 40 21 2
54 11
71 32 10 19
33 49 35 5 8
33 34 58 59 1 2
66 37 40 19
64 63 47 11 10
61 49 58 59 21 8
61 49 40 5 8
53 12 32 35 21 2
56 32 11 10 2
42 32 40 5 19
68 32 40 10 2
41 32 35 21 2
72 73 32 40 1 8
71 32 13 8
57 40 2
65 47 35 1 19
66 37 58 59 21 2
66 37 32 35 13
65 47 40 10 8
55 58 59 5 8
68 35 21 8
70 47 32 1 2
31 58 59 13 2
36 32 21
53 40 21
39 4 32 10 19
56 59 8
64 63 47 19
62 47 32 13
60 32 35 10 8
51 40 10
62 40 1 2
42 40 10
36 12 59 2
31 40 8
38 32 40 21
43 12 44 1
20 13 8
36 37 11 13 2
60 12 32 21 19
33 34 21
56 40
61 49 32 11 13 2
74 32 21 19
39 4 59 13
62 63 40 8
20 40 21 19
33 49 40 5 8
69 47 32 35 1 8
45 46 47 32 5 2
70 47 10
4 59 5 8
56 32 40 1 19
62 47 58 59 5 19
70 47 35 13
36 37 59 19
75 32 40 5 2
43 12 44 13 19
72 73 32 11 1 19
41 40 2
53 47 58 59 1 2
36 11 21 19
62 11 2
53 47 1 19
53 59 5 19
43 12 44 32 11 21
54 32 11 5 8
4 21
56 32 11 13 2
51 11 10 19
53 12 32 40 13
60 11 10
4 32 40 21 19
62 47 32 13
62 11 21
33 34 59 5 2
75 58 59 5
50 32 35 1 19
68 35 10
36 12 35 1 8
43 12 44 32 1
55 32 40 5
61 49 32 11 10
39 49 1 19
51 32 11 13 8
36 52 40
53 12 32 35 21
33 12 59 1 19
41 59 5
54 32 11 10 2
62 63 2
64 63 47 32 11 13 8
53 12 40 1 2
14 12 11 21
64 63 47 35 1
33 34 32 40 10
67 13 19
60 11 1 2
65 47 11 10 2
39 49 32 11 13 8
31 32 5
60 12 35 5
45 46 47 58 59 1 8
70 47 32 40 5
42 59 8
66 37 32 11 21
48 32 35 13 19
67 2
71 32 10 19
51 11 10 8
62 32 40 13 8
62 63 40 8
43 12 44 40 5
69 47 59 13 2
62 10 19
43 12 44 40 19
72 73 32 35 13 8
60 12 11 8
45 46 47 11 21 2
69 47 32 35 5 2
33 49 13 19
70 47 59 13 2
39 4 10 2
36 12 32 40 13
54 32 13 2
65 47 11 2
39 4 58 59 5 8
33 49 32 5 2
61 49 58 59 13 2
65 47 58 59 1
33 49 32 11 13 2
42 35 21 19
53 47 5
65 47 58 59 10 19
54 32 11 21
33 34 59 10 8
36 32 40 1
65 47 40 10
14 12 11 5 2
39 4 32 13 19
36 40 19
60 58 59 5
38 11 13 19
33 34 35 5 2
42 59 8
33 34 40 10 19
72 73 35 5
65 47 35 8
72 73 10 19
55 40 21
20 32 5
57
39 4
75 58 59 21
41 40 5 19
64 63 47 59 5 19
56 13 2
66 37 58 59 21 19
39 49 11 10 8
69 47 35 21 2
4 11 13
20 32 11 21 8
42 58 59 21 8
36 35 1 8
62 47 35 10 2
41 40 13
62 47 58 59 5 8
31 35 19
53 10 19
71 1 2
69 47 32 5 19
54 21
60 13 19
71 32 13 8
33 12 11 1 8
71 32 35 5 8
53 47 11 21
57 13 2
69 47 58 59 1 8
4 40 10
75 32 40 13 19
33 34 59 8
69 47 32 13 2
62 47 59 5 8
20 21
42 11 2
45 46 47 58 59 13 2
36 52 40 21
53 35 10
68 40 1 8
51 11 13 19
31 11 10
64 63 47 59 5 2
71 40
65 47 40 21 2
72 73 32 1
53 47 59 1
33 34 32 11 10 19
68 32 35 5 19
71 58 59 5 8
31 32 1 19
43 12 44 58 59 1 8
36 35 10 19
65 47 11 8
62 40 1 8
41 59 13 19
36 12 58 59 10 8
39 4 32 40 1 19
33 34 32 11 10 2
53 47 32 11 10
53 59 10 19
67 40 8
64 63 47 32 40 1 8
50 11 10 19
64 63 47 35 19
36 35 13 8
48 11 1
74 35
43 12 44 35 2
39 4 35 8
61 49 11 2
33 34 32 1
65 47 59 10 8
61 49 32 21
69 47 11 21 2
36 12
56 58 59 21
64 63 47 5 8
38 32 11 1 8
68 35 10 19
65 47 32 11 10 8
39 4 5 19
60 10
45 46 47 32 40 13
50 35 13 19
62 63 40 1 19
75 32 11 21 8
43 12 44 11 21 19
45 46 47 32 35 21
65 47 21 8
62 40 21 8
36 12
20 11 19
61 49 32 40 21
31 35 5 2
69 47 35
36 37 40 1 2
69 47 40 21
39 49 32 40 21 19
55 40 13 19
36 32 40 10 8
33 34 40 2
55 35 21 19
39 4 11 21 2
64 63 47 11 13 19
39 4 35 1 2
75 40 21 8
36 12 40 8
75 11 10 8
67 35 2
53 58 59 13
64 63 47 11 21 2
39 49 32 35 1 8
36 12 40 13 2
43 12 44 11 19
71 58 59 13 2
68 2
33 12 35 5 8
65 47 35 13 19
14 12 59 21
38 35 1 2
33 34 21 2
75 10 19
36 58 59 13 19
41 40 8
71
65 47
66 37 35 19
31 58 59 5 8
61 49 35 5 2
57 40 10 2
62 47 32 1 2
61 49 21 2
64 63 47 40 8
66 37 35 21 19
53 12 40 21 19
62 63 40 1
70 47 59 8
60 12 11 8
66 37 32 40 5 8
74 35 1 2
42 11 13 8
65 47 21 2
65 47 40 5 2
43 12 44 1 8
39 4 32 11 13 19
36 11 5
65 47 35 8
57 35 8
53 12 35 10 19
75 11 21
57 35 10
33 34 11 10
65 47 32 40 13 19
64 63 47 35 21 8
36 52 32 11 10 2
62 63 32 11 10 8
45 46 47 32 35 13 2
51 11 21 19
41 59 21
36 52 35 13
71 11 1 2
64 63 47 40 13 2
71 1 8
53 5 2
60 12 40 10
33 12 32 35 5 2
71 32 40 21 19
64 63 47 40 10 19
41 32 11 1 19
36 52 35
62 47 8
62 47 21
57 40 13 8
55 58 59 13 2
43 12 44 32 35 21 8
74 32 40 13 19
39 49 32 35 13 8
50 11 8
60 12 32 1 8
33 12 59 10 19
60 32 40 5 2
31
36 12 11 5 2
69 47 59 10 2
48 40 19
57 21
38 11 1 8
50 35 10 19
75 32 35 1 19
42 21 8
31 11 8
48 35 10 8
57 58 59 10
43 12 44 40 2
45 46 47 32 40 5 19
68 40 21 8
67 35 21 19
60 58 59 13 19
4 2
61 49 32 11 21 2
67 32 35 5 8
31 32 10 2
53 12 35 13
39 4 40 13 2
53 47 40 10
33 12 32 11 5 2
62 40
39 4 5 8
68 21 8
31 59 1
56 32 35 13
69 47 32 35 10 19
53 40 19
33 49 35 10 2
33 49 11 13 2
53 12 32 11 5 2
33 12 1
39 49 35 21 8
36 52 11 5 8
54 59 1 2
36 37 40 13
60 58 59 5
39 4 59 13 2
67 58 59 13 8
60 12 58 59 13 2
20 11 10 19
70 47 32 21
55 32 35 13
36 52 35 21 8
39 49 35 1
38 58 59 5 2
39 4 58 59 13 8
61 49 11 10 2
71 32 40 5 8
51 32 35 1 8
39 49 59 10 2
36 37 32 35 13 19
41 32 40 13
53 12 11 8
68 11 21 2
72 73 35 1 8
36 52 32 35 1 2
54 40 8
14 12 59 21
33 12 32 40 10
36 52 32 11 21 8
65 47
36 37 58 59 21 2
39 4 32 11 13 19
62 63 32 40 10 2
72 73 40 5 19
33 49 32 10 8
36 52 35
50 32 40 1
68 11 5 19
53 40 5 19
39 4 32 21 8
64 63 47 35 21 2
50 21 19
53 47 59 5 8
72 73 32 5 19
48 32 5
61 49 32 40 21 19
70 47 5 8
31 11 10 8
20 32 35 13 2
45 46 47 35 19
56 32 13
75 32 11 10 19
43 12 44 35 5 8
33 49 11 8
39 4 10 8
53 47 58 59 5 8
55 35 19
45 46 47 59 13
55 35 10 2
33 49 32 35 10 2
75 59 1
68 11 5
45 46 47 11 13 8
55 59 5 8
33 49 59 10 8
53 47 40 13 8
53 2
36 37 58 59 13 2
36 58 59 5 19
67 11 19
67 32 11 21 19
39 49 58 59 5 2
61 49 32 21 8
20 35 8
36 32 35 21 2
64 63 47 40 21 8
55 32 10 8
53 35 21 2
51 11 1
36 37 5 8
71 32 40 10
57 35 5 8
62 47 13
60 58 59 1
41 59 10
67 40 1 8
75 58 59 13 8
60 40 10 2
