0
0 1 2
0 2
0 3
0 4
0 1 5
0 1 6 2
0 1 7 4
0 1 8
9 10
9
9 1 2
9 3
9 8
9 6
9 4
9 1 5
9 1 6 2
9 1 7 4
9 1 8
0 11 2
0 6 2
0 11 3
0 6 4
0 11 5
0 11 7 2
0 11 7 4
0 8
0 10
9 1 7 2
12 13 14 4
12 13 4
12 4
12 14 4
15 13 4
15 13 14 4
12 16 4
17 13 14 4
17 16 4
12 13 18 4
17 16 4
12 13 19 2
15 16 4
12 20 4 21
15 22 23 4
12 13 24 4
17 16 4 25 11 26
12 13 14 4 25 1 26
12 13 4 25 6 26
27 28 13 14 4
29 28 13 14 4
12 22 23 4 21
15 13 4 25 6 26
12 13 4 30 31
29 28 13 14 4 10
15 13 14 4 10
12 13 14 2 21
29 28 13 14 2
12 13 19 4
17 31 13 14 4
32 1 4
32 11 4
32 4
33 11 4 34
35 1 4
36 37 1 4
38 1 4
32 1 2
32 11 2 21
32 6 4
32 1 4 10
32 1 7 4
32 1 12 4
32 1 6 4
17 11 4 39
32 1 7 4
35 1 6 2
40 1 6 4
32 1 6 4 10
32 11 2
32 1 4 21
33 34 1 4
35 1 7 2
32 1 4 21 10
32
32 21
32 11
32 7 2
32 11 7 2
17 1 4 39
29 28 1 41 4
29 28 1 42 4
29 28 1 43 4
29 28 1 44 4
29 28 1 45 4
29 28 1 46 4
29 28 1 47 4
29 28 1 41 2
29 28 1 42 2
29 28 1 43 2
29 28 1 44 2
27 28 1 4 25 1 43
27 28 1 4 25 1 44
27 28 1 45 4
27 28 48 4
27 28 49 4
29 28 48 4
27 50 28 1 42 4
27 28 1 51 4
29 28 1 4 52 51
29 28 1 4 52 53
29 28 54
55 1 4
29 56
55 1 7 4 28 53
55 28 1 43 4
55 28 1 44 4
55 28 1 45 4
27 28 1 2 25 1 43
27 28 1 2 25 1 44
27 50 25 1 57
27 28 1 42 2
27 50
27 28 42 2
27 58 25 1 57
27 28 1 41 2 25 1 57
59 28 1 42 2
59 28 1 41 2
27 50 28 1 47 2
59 28 1 47 2
27 28 1 2 60
27 28 1 2 61
27 50 20 2
27 58 20 2
27 50 20
27 58 20
17 50 28 1 42 2
17 50 20 2
17 28 1 41 2
27 20 2 50
27 20 2 58
27 20 42 2
27 20 41 2
59 50
59 28 1 62 2
27 50 28 1 62 2
27 50 28 1 63 2
17 50
59 28 1 64 2
27 58
27 28 65
27 28 66
27 28 1 67 68
27 28 69
27 28 70
27 28 71 8
27 28 72 8
27 28 73 74
27 28 75
27 28 53 51
27 28 53 76
17 28 77
17 28 78
27 28 79
27 28 80 81 51
27 28 82 83
84 31 28 85
84 31 28 1 67 86
87 28 88
87 31 28 89
12 90
12 91
17 31 28 65
17 28 66
55 28 68
55 28 92
93 28 86
93 28 94
95 96 28 91
95 96 28 97
98
98 34
98 34 13 99
98 28 100
27 34
27 34 25 1 2
27 100
98 34 28 1 100
98 28 1 101 52 1 2
98 28 1 102
17 34
17 103
27 103
27 28 1 104
27 103 13 105
98 103 30 106
98 103
27 28 1 100 52 1 2
27 28 1 104 52 1 2
17 28 1 100
17 28 1 104
27 28 1 100 52 1 2
27 28 1 104 52 1 2
98 34 107
98 103 107
108 34
108 103
27 109 1 100
27 109 1 104
98 103 13 99
110 1 111
110 1 112
110 1 113 111
110 114 112 115 1 116
110 117 96 1 104
110 28 118
110 96 119
110 1 120 112 96 1 121 122
110 123 25
110 124 125 111
110 1 126 127 112 96 1 44
110 28 112 128
110 28 1 129 111
110 1 130 111
110 28 131
110 28 132 107 112
133 134 111
133 130
133 1 135 111
133 41
133 50
136 134 111 115 1 40 52 1 137
138 139 140 13 141 142 25 1 137
143 139 140 13 144
110 139 145 146
138 146
138 147 148 96 1 149
143 139 145 150 151
152 1 142 153 150
143 154 146 155 150 25 1 137
156 157 158 1 159 160
156 161 28 162 151
156 28 159 160 163
156 164 158 1 165 160
156 166 158 1 167 160
156 158 1 168 160 169
156 158 1 67 151 170 171
156 172 28 173 160
156 174 158 1 175 137
176 177 28 178 160
176 28 179 160 180
176 181 28 182 137
176 158 1 183 137 184
176 158 1 185 137 186
176 187 188 158 1 67 137
176 189 28 1 190 137
176 191 28 1 192 160
193 159 151 153 194
193 162 195 196 197
193 1 198 160 196 199
193 1 200 195 196 201
193 1 202 196 203
204 205 28 1 206 151
204 207 137 208
204 209 28 210 211 212 160
204 213 28 214 137
215 216 160 196 217
215 159 25 1 137 28 218
215 219 28 1 220 221 160
215 222 196 1 223
132 1 224
132 31 1 224 52 1 5
132 1 112 25 127
132 31 1 225 224
132 1 226 224
132 1 45 227 52 1 5
132 13 228 37 1 200
132 1 229 159
132 1 230 231
132 1 232 233
132 31 1 234
132 1 149 235
132 1 236 235
132 1 237 235
132 31 147
132 1 238
132 1 63 239
132 1 240 52 1 241
132 31 1 242 52 1 137
243 31 1 224 52 1 244
243 1 159 52 1 245
243 31 1 5 52 1 230
243 1 231 52 1 5
243 31 1 246 159 52 1 247
243 31 1 248 52 1 239
243 31 1 249 52 1 195
243 31 1 250 52 251
252 1 224
252 1 200
253 1 2
